colour.blind <- c(
	"#000000", # black
	"#E69F00", # orange
	"#56B4E9", # blue
	"#009E73", # green
	"#CC79A7", # pink
	"#F0E442", # yellow
	"#0072B2", # dark blue
	"#D55E00", # dark orange
	"#999999" # grey (not in original palette)
)
